shape R rectangle
shape C ellipse
1 motion R 200 200 50 100 255 0 0
1 motion C 440 70 120 60 0 0 255
2 motion R 200 200 50 100 255 0 0
2 motion C 440 70 120 60 0 0 255
3 motion R 200 200 50 100 255 0 0
3 motion C 440 70 120 60 0 0 255
4 motion R 200 200 50 100 255 0 0
4 motion C 440 70 120 60 0 0 255
5 motion R 200 200 50 100 255 0 0
5 motion C 440 70 120 60 0 0 255
6 motion R 200 200 50 100 255 0 0
6 motion C 440 70 120 60 0 0 255
7 motion R 200 200 50 100 255 0 0
7 motion C 440 70 120 60 0 0 255
8 motion R 200 200 50 100 255 0 0
8 motion C 440 70 120 60 0 0 255
9 motion R 200 200 50 100 255 0 0
9 motion C 440 70 120 60 0 0 255
10 motion R 200 200 50 100 255 0 0
10 motion C 440 70 120 60 0 0 255
11 motion R 203 203 50 100 255 0 0
11 motion C 440 70 120 60 0 0 255
12 motion R 205 205 50 100 255 0 0
12 motion C 440 70 120 60 0 0 255
13 motion R 208 208 50 100 255 0 0
13 motion C 440 70 120 60 0 0 255
14 motion R 210 210 50 100 255 0 0
14 motion C 440 70 120 60 0 0 255
15 motion R 213 213 50 100 255 0 0
15 motion C 440 70 120 60 0 0 255
16 motion R 215 215 50 100 255 0 0
16 motion C 440 70 120 60 0 0 255
17 motion R 218 218 50 100 255 0 0
17 motion C 440 70 120 60 0 0 255
18 motion R 220 220 50 100 255 0 0
18 motion C 440 70 120 60 0 0 255
19 motion R 223 223 50 100 255 0 0
19 motion C 440 70 120 60 0 0 255
20 motion R 225 225 50 100 255 0 0
20 motion C 440 70 120 60 0 0 255
21 motion R 228 228 50 100 255 0 0
21 motion C 440 76 120 60 0 0 255
22 motion R 230 230 50 100 255 0 0
22 motion C 440 82 120 60 0 0 255
23 motion R 233 233 50 100 255 0 0
23 motion C 440 88 120 60 0 0 255
24 motion R 235 235 50 100 255 0 0
24 motion C 440 94 120 60 0 0 255
25 motion R 238 238 50 100 255 0 0
25 motion C 440 100 120 60 0 0 255
26 motion R 240 240 50 100 255 0 0
26 motion C 440 106 120 60 0 0 255
27 motion R 243 243 50 100 255 0 0
27 motion C 440 112 120 60 0 0 255
28 motion R 245 245 50 100 255 0 0
28 motion C 440 118 120 60 0 0 255
29 motion R 248 248 50 100 255 0 0
29 motion C 440 124 120 60 0 0 255
30 motion R 250 250 50 100 255 0 0
30 motion C 440 130 120 60 0 0 255
31 motion R 253 253 50 100 255 0 0
31 motion C 440 136 120 60 0 0 255
32 motion R 255 255 50 100 255 0 0
32 motion C 440 142 120 60 0 0 255
33 motion R 258 258 50 100 255 0 0
33 motion C 440 148 120 60 0 0 255
34 motion R 260 260 50 100 255 0 0
34 motion C 440 154 120 60 0 0 255
35 motion R 263 263 50 100 255 0 0
35 motion C 440 160 120 60 0 0 255
36 motion R 265 265 50 100 255 0 0
36 motion C 440 166 120 60 0 0 255
37 motion R 268 268 50 100 255 0 0
37 motion C 440 172 120 60 0 0 255
38 motion R 270 270 50 100 255 0 0
38 motion C 440 178 120 60 0 0 255
39 motion R 273 273 50 100 255 0 0
39 motion C 440 184 120 60 0 0 255
40 motion R 275 275 50 100 255 0 0
40 motion C 440 190 120 60 0 0 255
41 motion R 278 278 50 100 255 0 0
41 motion C 440 196 120 60 0 0 255
42 motion R 280 280 50 100 255 0 0
42 motion C 440 202 120 60 0 0 255
43 motion R 283 283 50 100 255 0 0
43 motion C 440 208 120 60 0 0 255
44 motion R 285 285 50 100 255 0 0
44 motion C 440 214 120 60 0 0 255
45 motion R 288 288 50 100 255 0 0
45 motion C 440 220 120 60 0 0 255
46 motion R 290 290 50 100 255 0 0
46 motion C 440 226 120 60 0 0 255
47 motion R 293 293 50 100 255 0 0
47 motion C 440 232 120 60 0 0 255
48 motion R 295 295 50 100 255 0 0
48 motion C 440 238 120 60 0 0 255
49 motion R 298 298 50 100 255 0 0
49 motion C 440 244 120 60 0 0 255
50 motion R 300 300 50 100 255 0 0
50 motion C 440 250 120 60 0 0 255
51 motion R 300 300 50 100 255 0 0
51 motion C 440 256 120 60 0 8 247
52 motion R 300 300 49 100 255 0 0
52 motion C 440 262 120 60 0 16 239
53 motion R 300 300 47 100 255 0 0
53 motion C 440 268 120 60 0 24 231
54 motion R 300 300 46 100 255 0 0
54 motion C 440 274 120 60 0 32 223
55 motion R 300 300 45 100 255 0 0
55 motion C 440 280 120 60 0 40 215
56 motion R 300 300 43 100 255 0 0
56 motion C 440 286 120 60 0 48 207
57 motion R 300 300 42 100 255 0 0
57 motion C 440 292 120 60 0 56 199
58 motion R 300 300 41 100 255 0 0
58 motion C 440 298 120 60 0 64 191
59 motion R 300 300 39 100 255 0 0
59 motion C 440 304 120 60 0 72 183
60 motion R 300 300 38 100 255 0 0
60 motion C 440 310 120 60 0 80 175
61 motion R 300 300 37 100 255 0 0
61 motion C 440 316 120 60 0 88 167
62 motion R 300 300 36 100 255 0 0
62 motion C 440 322 120 60 0 96 159
63 motion R 300 300 34 100 255 0 0
63 motion C 440 328 120 60 0 104 151
64 motion R 300 300 33 100 255 0 0
64 motion C 440 334 120 60 0 112 143
65 motion R 300 300 32 100 255 0 0
65 motion C 440 340 120 60 0 120 135
66 motion R 300 300 30 100 255 0 0
66 motion C 440 346 120 60 0 128 127
67 motion R 300 300 29 100 255 0 0
67 motion C 440 352 120 60 0 136 119
68 motion R 300 300 28 100 255 0 0
68 motion C 440 358 120 60 0 144 111
69 motion R 300 300 26 100 255 0 0
69 motion C 440 364 120 60 0 152 103
70 motion R 300 300 25 100 255 0 0
70 motion C 440 370 120 60 0 160 95
71 motion R 297 297 25 100 255 0 0
71 motion C 440 370 120 60 0 168 87
72 motion R 293 293 25 100 255 0 0
72 motion C 440 370 120 60 0 176 79
73 motion R 290 290 25 100 255 0 0
73 motion C 440 370 120 60 0 184 71
74 motion R 287 287 25 100 255 0 0
74 motion C 440 370 120 60 0 192 63
75 motion R 283 283 25 100 255 0 0
75 motion C 440 370 120 60 0 200 55
76 motion R 280 280 25 100 255 0 0
76 motion C 440 370 120 60 0 208 47
77 motion R 277 277 25 100 255 0 0
77 motion C 440 370 120 60 0 216 39
78 motion R 273 273 25 100 255 0 0
78 motion C 440 370 120 60 0 224 31
79 motion R 270 270 25 100 255 0 0
79 motion C 440 370 120 60 0 232 23
80 motion R 267 267 25 100 255 0 0
80 motion C 440 370 120 60 0 240 15
81 motion R 263 263 25 100 255 0 0
81 motion C 440 370 120 60 0 240 15
82 motion R 260 260 25 100 255 0 0
82 motion C 440 370 120 60 0 240 15
83 motion R 257 257 25 100 255 0 0
83 motion C 440 370 120 60 0 240 15
84 motion R 253 253 25 100 255 0 0
84 motion C 440 370 120 60 0 240 15
85 motion R 250 250 25 100 255 0 0
85 motion C 440 370 120 60 0 240 15
86 motion R 247 247 25 100 255 0 0
86 motion C 440 370 120 60 0 240 15
87 motion R 243 243 25 100 255 0 0
87 motion C 440 370 120 60 0 240 15
88 motion R 240 240 25 100 255 0 0
88 motion C 440 370 120 60 0 240 15
89 motion R 237 237 25 100 255 0 0
89 motion C 440 370 120 60 0 240 15
90 motion R 233 233 25 100 255 0 0
90 motion C 440 370 120 60 0 240 15
91 motion R 230 230 25 100 255 0 0
91 motion C 440 370 120 60 0 240 15
92 motion R 227 227 25 100 255 0 0
92 motion C 440 370 120 60 0 240 15
93 motion R 223 223 25 100 255 0 0
93 motion C 440 370 120 60 0 240 15
94 motion R 220 220 25 100 255 0 0
94 motion C 440 370 120 60 0 240 15
95 motion R 217 217 25 100 255 0 0
95 motion C 440 370 120 60 0 240 15
96 motion R 213 213 25 100 255 0 0
96 motion C 440 370 120 60 0 240 15
97 motion R 210 210 25 100 255 0 0
97 motion C 440 370 120 60 0 240 15
98 motion R 207 207 25 100 255 0 0
98 motion C 440 370 120 60 0 240 15
99 motion R 203 203 25 100 255 0 0
99 motion C 440 370 120 60 0 240 15
100 motion R 200 200 25 100 255 0 0
100 motion C 440 370 120 60 0 240 15
